RESID	RESNAME	N	CA	CB	CO
1	M	nan	nan	nan	nan
2	G	nan	nan	nan	nan
3	I	nan	nan	nan	nan
4	N	120.9	53.8	36.7	180.8
5	T	116.5	64.8	nan	175.9
6	R	123.2	61.4	nan	178.5
7	E	115.7	nan	nan	nan
8	L	nan	nan	nan	nan
9	F	nan	nan	nan	nan
10	L	119.4	57.5	nan	180.5
11	N	109.6	55.2	37.8	182.6
12	F	113.3	62.4	38.9	175.6
13	T	121.2	62.8	68.3	178.2
14	I	115.9	66.5	39.2	176.8
15	V	122.2	67.6	29.6	177.5
16	L	117.3	57.9	41.6	178.6
17	I	117.0	64.8	66.0	177.5
18	T	121.8	61.2	67.7	177.4
19	V	119.4	66.6	32.9	177.9
20	I	120.3	64.0	nan	174.1
21	L	111.7	58.0	38.4	173.2
22	M	118.0	57.4	30.1	177.9
23	W	117.4	61.4	28.8	178.2
24	L	118.0	57.6	40.8	181.0
25	L	120.6	56.7	41.1	176.4
26	V	117.0	69.0	28.9	176.2
27	R	120.3	58.1	nan	176.7
28	S	119.4	60.6	62.6	176.3
29	Y	127.1	58.2	nan	180.4
30	Q	129.2	58.4	nan	178.8
31	Y	nan	nan	nan	nan
