1	M	135.485	1.366
2	G	111.167	0.738
3	I	n	n
4	N	124.741	0.325
5	T	96.102	1.387
6	R	93.98	3.476
7	E	107.287	2.494
8	L	94.074	1.081
9	F	79.635	2.645
10	L	101.925	3.885
11	N	103.037	2.634
12	F	85.651	1.918
13	T	77.612	3.864
14	I	100.239	4.049
15	V	96.177	2.149
16	L	77.869	2.786
17	I	82.34	4.366
18	T	99.033	3.348
19	V	89.167	1.994
20	I	76.682	3.498
21	L	92.475	4.484
22	M	97.648	2.681
23	W	84.64	2.211
24	L	79.71	3.939
25	L	101.925	3.885
26	V	93.793	2.165
27	R	77.869	2.786
28	S	82.496	4.204
29	Y	109.683	1.609
30	Q	119.165	0.303
31	Y	114.015	1.084
